((("Belu" .
   [1 0 0 0])
  ("Miss" .
   [1 0 0 0])
  ("h1" .
   [1 0])
  ("head" .
   [0 0 0 1])
  ("header" .
   [2 0 0 0 0 0])
  ("body" .
   [0 0 0 1])
  ("color" .
   [1 0 0 0 0])
  ("white" .
   [1 0 0 0 0])
  ("auto" .
   [1 0 0 0])
  ("display" .
   [1 0 0 0 0 0 0])
  ("flex" .
   [1 0 0 0])
  ("justify-content" .
   [0 0 0 1 0 0 0 0 0 0 0 0 0 0 0])
  ("center" .
   [1 0 0 0 0 0])
  ("margin" .
   [0 0 0 0 0 1])
  ("br" .
   [2 0])
  ("Route" .
   [1 0 0 0 0])
  ("App" .
   [0 0 1])
  ("Http" .
   [0 0 1 0])
  ("Controllers" .
   [0 0 0 0 0 0 1 0 0 0 0])
  ("MainController" .
   [0 0 0 1 1 0 0 0 0 0 0 0 0 0])
  ("index" .
   [2 0 0 0 0])
  ("name" .
   [1 0 0 0])))
